@
MLINK
    2    1
 1
 0
0
           2
           1
           2

 0.00000e+00
 0.500
           1 -2.57077e+01 -1.11647e+01
           2 -4.02400e+01 -1.74760e+01
-6.59477e+01  -2.86407e+01
 0.00000e+00
 0.000
           1 -2.15746e+01 -9.36970e+00
           2 -4.94182e+01 -2.14620e+01
-7.09928e+01  -3.08317e+01
-2.19103e+00
 0.020
           1 -2.17155e+01 -9.43090e+00
           2 -4.44108e+01 -1.92873e+01
-6.61263e+01  -2.87182e+01
-7.75713e-02
 0.040
           1 -2.18593e+01 -9.49336e+00
           2 -4.28872e+01 -1.86256e+01
-6.47465e+01  -2.81190e+01
 5.21672e-01
 0.060
           1 -2.20061e+01 -9.55712e+00
           2 -4.19840e+01 -1.82334e+01
-6.39901e+01  -2.77905e+01
 8.50175e-01
 0.080
           1 -2.21561e+01 -9.62225e+00
           2 -4.13665e+01 -1.79652e+01
-6.35226e+01  -2.75874e+01
 1.05322e+00
 0.100
           1 -2.23093e+01 -9.68880e+00
           2 -4.09153e+01 -1.77693e+01
-6.32247e+01  -2.74581e+01
 1.18261e+00
 0.120
           1 -2.24660e+01 -9.75684e+00
           2 -4.05737e+01 -1.76209e+01
-6.30397e+01  -2.73777e+01
 1.26293e+00
 0.140
           1 -2.26262e+01 -9.82641e+00
           2 -4.03101e+01 -1.75064e+01
-6.29363e+01  -2.73328e+01
 1.30783e+00
 0.160
           1 -2.27901e+01 -9.89758e+00
           2 -4.01052e+01 -1.74174e+01
-6.28953e+01  -2.73150e+01
 1.32565e+00
 0.180
           1 -2.29577e+01 -9.97040e+00
           2 -3.99462e+01 -1.73484e+01
-6.29040e+01  -2.73188e+01
 1.32187e+00
 0.200
           1 -2.31293e+01 -1.00449e+01
           2 -3.98244e+01 -1.72955e+01
-6.29537e+01  -2.73404e+01
 1.30028e+00
~
