      1    1    0    0    4    0    0 1  1  1   1  2
      1    2    0    0    4    0    0 2  0  2   3  4
      1    3    0    0    9    0    0 1  0  1   1  2
      1    4    1    2    9    5    5 2  0  2   1  3
      1    5    1    2    0    6    6 2  0  2   1  3
      1    6    1    2    0    7    7 2  0  2   2  3
      1    7    1    2    0    8    8 1  0  1   1  4
      1    8    1    2    0    0    0 1  0  2   2  3
      1    9    3    4    0   10   10 1  0  2   2  3
      1   10    3    4    0    0    0 1  0  1   1  2
      2    1    0    0    3    0    0 1  0  2   1  5
      2    2    0    0    3    0    0 2  0  1   2  4
      2    3    1    2    0    4    4 2  0  1   2  5
      2    4    1    2    0    5    5 2  0  1   1  4
      2    5    1    2   15    6    6 2  0  2   1  4
      2    6    1    2   10    0    0 2  0  2   1  2
      2    7    0    0    9    0    0 1  1  1   1  3
      2    8    0    0    9    0    0 2  0  1   4  5
      2    9    7    8   10    0    0 1  0  1   3  4
      2   10    9    6    0   11   11 1  0  1   2  3
      2   11    9    6    0   12   12 1  0  2   1  3
      2   12    9    6    0   13   13 2  0  2   1  3
      2   13    9    6    0    0    0 2  0  2   1  4
      2   14    0    0   15    0    0 1  0  1   1  1
      2   15   14    5    0   16   16 1  0  1   1  4
      2   16   14    5    0   17   17 1  0  1   1  1
      2   17   14    5    0    0    0 1  0  2   1  4
